5719825393567961346558155629: 1823 16561 5657441 33488023222723
5487945882843158696672157984: 2 2 2 2 2 3 31 1844067836976867841623709
4767766531754254874224257763: 23 17341 100361 15759349 7558049869
1855924359757732125866239784: 2 2 2 103 2252335388055500152750291
4289776424589197647513647977: 47 23362277 3906804067987326683
7967131961768854889594217186: 2 3 1693 98535933533 7959745216099
2572967277666133789225764888: 2 2 2 3 3 239 24733 587516047 10289809511
1294587141921952639693619381: 1423 43660149623 20837286805789
4764413635323911361699183586: 2 67 3541 10041040846299239530319
1474343641823476922667154474: 2 67 1181 20413997 456368834397023
2578649763684913163429325833: 41117 38192813 1642061025481073
5161596985226568681977938754: 2 317 409 3259 12143 12281 40956934097
2242632698981685551523361879: 1693 26154088573 50647918522111
7474189614567412367516833398: 2 3 11 23 389 124907 695771 145643007217
6211855673345949471748161445: 5 11 11863 80489473 118283741358901
4942716233498772219251848674: 2 3 3 3 83 647 677 47527 52973720368589
5516264359672753836539861178: 2 3 6581 16087 8684141034624687029
5854762719618549417768925747: 7 13 13 37 73 2928461 625691889245669
5313691171963952518124735471: 2099 422377 5993542788039771277
6737691754241231469753717635: 5 41 109 175859 197759 8670216112343
4292388614454146728246198812: 2 2 3 13 131 523 401607164058154294529
4468463715866746258976552344: 2 2 2 7 17 277 2357 1255352557 5726855489
2638621731822362373162811879: 11 13 17 67 353 553886447 82855611997
1258922263729296589785418839: 3 67 401917 4023751 3872891969117
4482279727264797827654899397: 7 2713 4657 889814729 56956762339
8749855322285371162986411895: 5 67 6793 141519383 27169304676823
1116599457961971796683936952: 2 2 2 139871 9324253 107020184878813
3879213273596322735993329751: 3 3 11 39183972460568916525185149
9212359131574159657168196759: 9212359131574159657168196759
3351223183818712673691977472: 2 2 2 2 2 2 2 2 3 3 3 2317169 209238651606076949
8855835322812512868896449976: 2 2 2 12671527504067 87359587468541
4332859486871255922555418653: 3 3 13 537749 1197697 57499248726053
2428751582371964453381751663: 3 3 3 379 3172097 74822749521149863
6738481866868951787884276161: 3 2947537 762046624788645773051
8794353172213177612939776215: 5 19 9955613279 9298486799416343
2989694245827479769152313629: 443 442028981 15267653855276363
6117454427987751131467589412: 2 2 3 7 1037059 70224392660808699127
2761854485919763568442339436: 2 2 210139 13558277 242342530349453
6884214746997985976433695787: 3 3 3 3 113 50591 274709 54118380903841
8671829218381757417536862814: 2 3 79 18294998351016365859782411
9431156837244768326468938597: 7 331 11629373953 350011728595897
4788448664674885883585184169: 359 147727 1284887797 70270865789
3624757247737414772711372622: 2 3 17 29 4297483313 285145523665393
9361819764286243182121963365: 3 3 5 23 18049 108439 4621482119059849
9893315516156422581529354454: 2 577949882707 8558973547860361
5913625989853975289562158982: 2 3 443 46489 47857352873753392811
8313891548569672814692858479: 3 3907 6991 17351 13411799 436002361
2265865138518379114874613969: 3 29 79 329676289614197455968953
3477184288963424358211752214: 2 11489 151326672859405707990763
6321349612522496241515883378: 2 3 181 11717 496779373198478375419
1796439694824213266958886393: 11 149 307 3570222756038605543141
6366252531759955676944496585: 5 43 1381 2087 1881619 5460062129783
8545458545636898974365938274: 2 1312183 3256199228932587518039
3362291186211522318566852576: 2 2 2 2 2 83 4391 193938163 1486553475937
8464473866375474967347772855: 3 5 89107 5704583 1110127813356997
2892857564355262219965984217: 7 263 694559 2262372531059637943
4296693937661266715382241936: 2 2 2 2 1414409 189862600636611595169
8634764617265724716389775433: 3 107 104711 345463 2906459 255851179
8415234243182787534123894858: 2 3 7 7 17 613 36017 76260903656618651
2267353254454872616182242154: 2 3 17 139 70863031 2256755410271203
4689911847578741473186337883: 3 7 149 15773 288581971 329287782869
4428766787964834371794565542: 2 11 13 101 941 162931772175351718717
7146295186764167268433238125: 5 5 5 5 2017 4093 1385011218328869601
2273823813572968577469388278: 2 3 73721 5140606280374584757553
6686132721336864457635223349: 11 1616231 376078820041355725289
3161518296576488158997146221: 3 3 3 3 53829304093 725089999561537
1917611425739928285147758625: 3 3 5 5 5 267634051 6368933561247791
3516431537343387135357237754: 2 19 37 12647 688433 6046349 47508841
7549684656732941456945632221: 3 3 17 47 83 17041 742277599109941177
2397876675349971994958579984: 2 2 2 2 19 13121 158731 2863951 1322388271
4675844257857378792991889317: 41 81401 1284517847 1090702472771
2832515241382937498614676246: 2 303029 1420136621 3291000440347
8755442772953263299368382378: 2 3 47 197 1381 10487 212981 51094831451
9833662825734624455736638328: 2 2 2 3 409735951072276018989026597
5298671253425423454611152788: 2 2 3 163 1193334409633 2270052813181
9857512879181186421823417538: 2 7 47 67 734443321 304444667186123
1471226144331341144787865593: 3 62047 708163 21447773 520381627
3545439374321661651385735599: 3 31 1327903 28709178324745183781
6735367616915626462272211264: 2 2 2 2 2 2 17 151 13584449509 3017959573367
2141665754145475249654938214: 2 10139 105615235927876282160713
8481747257332513758286947416: 2 2 2 29 36559255419536697233995463
9961217236253576952797397966: 2 3 3 7 19 127 419183 870853 89750325143
9941237996445827218665222824: 2 2 2 7 53 3349473718479052297393943
6242177493463484861915865966: 2 3 3 7 13 3709 581293 1767544227629461
4344843511782912875843632652: 2 2 7 19 173 4463 10577657893998966989
7568842562748136518615117797: 17 103 149 4447 444461 14677641256909
2776621559882146125114473423: 2251 79181 15578305424451335233
6174299197447843873145457215: 5 383 6373 505911992249273216777
5387584131525787615617563371: 149 349 103605394733289506271371
5317693353372572284588242963: 3 7 331 151542685687 5048251950899
6612142515552593663955966562: 2 3306071257776296831977983281
1314928587713292493616625427: 1987 4091 6779 126130297 189186337
2446827667287451685939173534: 2 33569 59053 617153245769246731
9786693878731984534924558138: 2 26321 185910373441966196856589
2926718838742634774778713813: 13 102451 2627063171 836471084881
3791426274497596641969142899: 3 3 3 7 13 13 6661 17820286129739801899
2831727715176299968774951996: 2 2 7 117716050033 859127813552329
3281287353463725292271916883: 17 853 10223 22134410058385576921
9954744594922386766735519674: 2 3 1659124099153731127789253279
3414339143545324298853248718: 2 3 37 55147 83059 6132911 547492823
